J1512−5759 0.128 694 628.70 6.0(6) −1.7(1)
J1614−5048 0.231 694 582.80 2.4(3) −1.5(1)
J1648−4458 0.629 632 925.00 0.55(7) −0.6(1)
J1705−4108 0.861 067 1077.00 1.3(2) −1.0(1)
J1717−3737 0.682 419 525.80 0.69(8) −0.76(13)
J1722−3632 0.399 183 416.20 1.60(17) −1.1(1)
J1730−3350 0.139 460 259.00 3.2(3) −1.8(1)
J1739−3131 0.529 441 600.10 4.9(5) −1.4(1)
J1740−3052 0.570 310 740.90 0.7(2) −0.8(3)
J1741−3016 1.893 749 382.00 2.3(5) −0.6(2)
J1756−2435 0.670 480 367.10 2.0(2) −1.5(1)
J1809−1943 5.540 249 178.00 4.5(5) −2.0(1)
J1818−1519 0.939 690 845.00 2.1(4) −1.4(2)
J1818−1541 0.551 134 690.00 1.0(2) −0.9(2)
J1819−1510 0.226 539 421.70 0.6(1) −0.6(2)
J1822−1400 0.214 771 651.10 0.80(9) −0.6(1)

J1316−6232 0.342 825 983.3 41.5 21.5 0.74(8) – 0.7(1) −0.0(1) 29(8)
J1327−6222 0.529 913 318.8 39.4 39.5 16.0(1.6) – 0.9(2) −1.9(1) –
J1341−6220 0.193 340 717.3 22.2 13.5 1.9(2) – 0.8(2) −0.5(1) 8.3(3)
J1406−6121 0.213 075 542.3 13.8 11.1 0.36(5) – 0.20(5) −0.4(2) 9(1)
J1410−6132 0.050 052 960.0 12.4 7.7 6(1) – 0.6(1) −1.5(2) 33(15)
J1531−5610 0.084 202 110.9 15.6 15.4 0.60(7) – 0.4(1) −0.2(2) –
J1550−5418 2.069 833 830.0 231 199 3.3(3) – 9(2) +0.7(1) –
J1644−4559 0.455 060 478.8 703 475 310 – 12(2) −2.1(1) 2.45(2)
J1702−4128 0.182 136 367.1 25.6 24.3 1.10(12) – 0.6(1) −0.4(1) 7.5(4)
J1707−4053 0.581 017 360.0 10.7 10.3 7.2(7) – 0.19(5) −2.3(1) 26.1(9)
J1740−3015 0.606 784 152.2 18.5 11.2 6.4(7) 1.08(0) 1.7(3) −0.9(1) –
J1746−2856 0.945 224 1168 11.01 N/A – – 0.10(2) – –
J1757−2421 0.234 101 179.5 15.1 16.3 3.9(4) – 1.0(2) −0.9(2) –
J1801−2304 0.415 796 1074 24.1 16.8 2.2(2) 0.27(3) 0.5(1) −1.0(1) 99(9)
J1803−2137 0.133 617 234.0 85.4 81.7 7.6(8) 5.5(1.9) 3.1(6) −0.6(1) 5.5(7)
J1809−1917 0.082 747 197.1 36.7 35.7 2.5(5) – 1.6(3) −0.3(2) –
J1832−0827 0.647 293 300.9 14.6 13.0 2.1(2) 0.14(0) 0.20(5) −1.7(1) –
J1834−0812 0.491 101 1023 18.0 12.0 0.3(1) – 0.11(2) −0.7(3) 150(100