PSRJ|S728|e_S728|S1382|e_S1382|S3100|e_S3100
 |mJy|mJy|mJy|mJy|mJy|mJy
-----------|-------|------|--------|------|-------|------
J0401-7608 |   4.00|  2.00|        |      |  0.800| 0.500
J0437-4715 | 300.00|200.00| 160.000|20.000| 30.000|30.000
J0511-6508 |   1.30|  0.70|   0.600| 0.200|  0.100|
J0519-6932 |       |      |   0.140| 0.040|       |
J0536-7543 |  11.00|  7.00|        |      |  3.000| 2.000
J0543+2329 |  25.00|  2.00|  10.700| 0.700|  3.000| 0.200
J0601-0527 |   6.00|  2.00|        |      |  0.600| 0.200
J0614+2229 |   8.80|  0.80|   3.300| 0.200|  0.760| 0.060
J0624-0424 |   3.00|  1.00|        |      |  0.050|
J0627+0706 |   3.80|  0.20|   1.390| 0.080|  0.310| 0.050
J0630-2834 | 180.00| 90.00|        |      |  1.600| 0.800
J0656-2228 |   0.90|  0.40|   3.000| 1.000|  0.300| 0.200
J0659+1414 |   3.90|  0.80|   2.700| 0.200|  1.600| 0.300
J0711-6830 |   7.00|  4.00|   5.000| 3.000|  1.000| 0.700
J0721-2038 |   0.50|  0.20|   0.210| 0.070|       |
J0729-1448 |   2.10|  0.20|   0.830| 0.060|  0.190| 0.020
J0729-1836 |   4.00|  1.00|   1.900| 0.500|  0.500| 0.200
J0737-3039B|       |      |   0.100|      |       |
J0742-2822 |  90.00| 30.00|  26.000| 2.000|  6.800| 0.500
J0745-5353 |  12.00|  0.70|   5.000| 0.200|  1.210| 0.070
J0751+1807 |       |      |        |      |  0.060|
J0758-1528 |   4.00|  1.00|   2.600| 0.800|  1.400| 0.500
J0809-4753 |  21.00|  9.00|   2.600| 0.600|  0.460| 0.070
J0812-3905 |   1.60|  0.20|   0.380| 0.090|  0.100|
J0818-3049 |   1.30|  0.30|   0.330| 0.090|  5.000|
J0818-3232 |   2.40|  0.40|   1.400| 0.400|  0.180| 0.040
J0820-1350 |  27.00|  8.00|   6.000| 2.000|  1.400| 0.700
J0820-3826 |   1.27|  0.08|   0.490| 0.030|  0.093| 0.007
J0820-4114 |  20.00| 10.00|   5.000| 1.000|  1.000| 0.400
J0823+0159 |   4.00|  3.00|   4.000| 2.000|  0.400| 0.300
J0834-4159 |   0.82|  0.08|   0.280| 0.020|  0.080| 0.010
J0835-4510 |3100.00|200.00|1050.000|60.000|170.000|20.000
J0837+0610 |  13.00|  6.00|   5.000| 1.000|  0.200| 0.100
J0837-4135 | 110.00| 30.00|  35.000| 9.000|  8.000| 2.000
J0840-5332 |  23.00|  9.00|   1.700| 0.500|  0.260| 0.070
J0846-3533 |  12.00|  2.00|   5.000| 1.000|  0.700| 0.100
J0855-3331 |   3.50|  0.70|        |      |  0.110| 0.020
J0855-4644 |   0.57|  0.05|   0.280| 0.020|  0.105| 0.006
J0856-6137 |   3.10|  0.60|   3.300| 0.700|  0.110| 0.020
J0857-4424 |   3.30|  0.20|   0.980| 0.050|  0.230| 0.020
J0900-3144 |   6.00|  1.00|   3.000| 1.000|  0.900| 0.200
J0901-4624 |   0.70|  0.10|   0.510| 0.030|  0.180| 0.020
J0904-7459 |   8.00|  2.00|   2.000| 0.700|  0.300| 0.100
J0905-5127 |   3.40|  0.50|   1.050| 0.060|  0.220| 0.030
J0907-5157 |  30.00|  6.00|  17.000| 5.000|  5.800| 0.900
J0908-1739 |  10.00|  4.00|   4.000| 2.000|  0.700| 0.400
J0908-4913 |  33.00|  5.00|  20.000| 1.000|  7.800| 0.600
J0909-7212 |   3.00|  1.00|   1.900| 0.500|  0.300|
J0922+0638 |  17.00|  9.00|  10.000| 3.000|  1.300| 0.600
J0922-4949 |   1.50|  0.20|        |      |  0.320| 0.040
J0924-5302 |   9.00|  9.00|   1.100| 0.300|  0.200| 0.100
J0924-5814 |  11.00|  3.00|   6.000| 2.000|  1.500| 0.500
J0934-5249 |  22.00|  9.00|   3.200| 0.900|  0.200| 0.040
J0940-5428 |   1.50|  0.20|   0.660| 0.040|  0.300| 0.020
J0942-5552 |  26.00|  7.00|  11.000| 3.000|  2.000| 0.300
J0942-5657 |   2.60|  0.40|   1.000| 0.300|  0.300| 0.090
J0943+1631 |   5.00|  3.00|   1.300| 0.600|  0.300| 0.200
J0952-3839 |   1.30|  0.30|   4.000| 1.000|  0.010|
J0953+0755 | 600.00|600.00| 100.000|40.000| 20.000|20.000
J0954-5430 |   0.70|  0.10|   0.510| 0.030|  0.380| 0.040
J0959-4809 |  13.00|  3.00|   4.000| 0.800|  0.500| 0.200
J1001-5507 |  41.00|  5.00|  10.000| 3.000|  2.700| 0.400
J1001-5559 |   3.40|  0.80|   1.400| 0.400|  0.110| 0.030
J1003-4747 |   4.80|  0.90|   1.430| 0.080|  0.300| 0.040
J1012-5857 |  13.00|  5.00|   1.800| 0.300|  0.410| 0.040
J1013-5934 |   3.40|  0.40|   2.600| 0.600|  0.900| 0.200
J1015-5719 |   2.70|  0.40|   3.000| 0.200|  1.700| 0.100
J1016-5345 |   2.20|  0.60|   1.100| 0.400|  0.140| 0.040
J1016-5819 |   1.18|  0.06|   0.360| 0.020|  0.053| 0.008
J1016-5857 |   1.80|  0.20|   0.900| 0.050|  0.290| 0.020
J1017-5621 |   6.40|  0.70|   1.800| 0.400|  0.370| 0.040
J1017-7156 |   3.10|  0.70|   1.100| 0.200|  0.140| 0.050
J1018-1642 |   1.30|  0.50|   0.700| 0.200|  0.300|
J1019-5749 |   0.60|      |   3.800| 0.200|  2.400| 0.100
J1020-5921 |       |      |   5.000|      |       |
J1020-6026 |   0.06|      |   0.250| 0.010|  0.160| 0.010
J1024-0719 |       |      |   0.300| 0.200|       |
J1028-5819 |   0.20|      |   0.240| 0.020|  0.130| 0.060
J1032-5911 |   3.70|  0.60|   1.100| 0.200|  0.300|
J1034-3224 |  18.00|  6.00|   8.000| 3.000|  1.400| 0.600
J1036-4926 |   2.20|  0.50|   0.800| 0.200|  0.020|
J1038-5831 |   3.00|  1.00|   2.300| 0.900|  0.500| 0.200
J1041-1942 |       |      |   2.300| 0.900|       |
J1043-6116 |   2.60|  0.20|   1.390| 0.070|  0.490| 0.030
J1045-4509 |   7.00|  1.00|   1.900| 0.400|  0.330| 0.090
J1046-5813 |   4.10|  0.80|   1.400| 0.300|  0.240| 0.050
J1047-6709 |   3.90|  0.90|   3.100| 0.900|  1.400| 0.300
J1048-5832 |  12.00|  1.00|   9.100| 0.500|  6.200| 0.500
J1049-5833 |       |      |        |      |  0.070| 0.010
J1052-5954 |   0.20|      |   0.147| 0.009|  0.071| 0.005
J1055-6028 |   1.20|  0.20|   0.950| 0.050|  0.130| 0.010
J1056-6258 |  54.00|  6.00|  34.000| 8.000| 11.000| 1.000
J1057-5226 |  22.00|  5.00|   4.400| 0.600|  1.400| 0.300
J1057-7914 |   2.40|  0.90|        |      |  0.100|
J1058-5957 |       |      |   0.600| 0.100|       |
J1059-5742 |  30.00| 10.00|   2.000| 0.600|  0.210| 0.050
J1105-6107 |   2.40|  0.20|   1.200| 0.070|  0.460| 0.040
J1110-5637 |   4.70|  0.70|   3.300| 0.800|  0.900| 0.200
J1112-6103 |   0.08|      |   2.300| 0.100|  1.030| 0.070
J1112-6613 |  12.00|  4.00|   1.700| 0.400|  0.320| 0.050
J1112-6926 |   4.00|  1.00|   0.600| 0.200|  0.400| 0.100
J1114-6100 |       |      |   4.700| 0.900|  1.800| 0.700
J1115-6052 |   1.90|  0.50|   0.480| 0.030|  0.200| 0.010
J1116-4122 |   6.00|  7.00|   6.000| 2.000|  0.300| 0.100
J1117-6154 |       |      |   1.600| 0.300|       |
J1119-6127 |   3.00|  0.40|   1.090| 0.060|  0.360| 0.030
J1119-7936 |   3.00|  1.00|        |      |  0.060|
J1121-5444 |   4.30|  0.90|   1.500| 0.400|  0.220| 0.050
J1123-4844 |   2.50|  0.50|   1.000| 0.300|  0.400| 0.100
J1123-6102 |       |      |   1.100| 0.200|       |
J1123-6259 |   2.00|  0.20|   0.510| 0.030|  0.100| 0.006
J1126-6942 |   3.00|  1.00|        |      |  0.050|
J1133-6250 |  22.00|  3.00|   7.000| 1.000|  1.600| 0.300
J1136+1551 |       |      |  20.000|10.000|       |
J1136-5525 |       |      |   6.000| 1.000|       |
J1138-6207 |   0.30|      |   0.570| 0.030|  0.270| 0.020
J1141-3322 |       |      |   1.600| 0.500|       |
J1141-6545 |  15.00|  4.00|   2.400| 0.700|  0.280| 0.080
J1144-6146 |       |      |   0.600|      |       |
J1146-6030 |  10.00|  3.00|   3.200| 0.600|  1.100| 0.300
J1156-5707 |   0.50|  0.10|   0.270| 0.020|  0.120| 0.010
J1156-5909 |  40.00|      |        |      |  0.010|
J1157-6224 |  54.00|  9.00|  14.000| 3.000|  1.800| 0.400
J1159-7910 |       |      |   0.700| 0.200|       |
J1202-5820 |   9.00|  2.00|   3.000| 0.800|  0.700| 0.200
J1210-5559 |  10.00|  2.00|   2.300| 0.600|  0.270| 0.070
J1216-6223 |   0.40|      |   0.230| 0.010|  0.061| 0.006
J1224-6407 |  20.00|  2.00|   8.900| 0.500|  3.000| 0.400
J1227-6208 |       |      |        |      |  0.010|
J1231-6303 |   9.00|  2.00|        |      |  0.500| 0.100
J1235-5516 |       |      |        |      |  0.100|
J1239-6832 |   5.00|  1.00|        |      |  0.150| 0.050
J1243-6423 | 140.00| 30.00|        |      |  4.100| 0.800
J1248-6344 |   1.10|  0.20|   0.200| 0.010|  0.020|
J1253-5820 |  25.00|  7.00|        |      |  1.600| 0.500
J1259-6741 |   8.00|  2.00|        |      |  0.300| 0.100
J1301-6305 |   0.70|  0.10|   0.490| 0.030|  0.210| 0.020
J1302-6350 |   1.30|  0.50|   4.500| 0.300|  2.700| 0.300
J1305-6203 |   8.00|  3.00|   0.670| 0.040|  0.230| 0.020
J1305-6455 |  12.00|  2.00|        |      |  0.440| 0.070
J1312-5402 |   5.00|  1.00|        |      |  0.130| 0.040
J1312-5516 |  12.00|  3.00|        |      |  0.600| 0.200
J1312-6400 |   3.00|  1.00|        |      |  0.080|
J1317-6302 |   4.20|  0.50|        |      |  0.240| 0.030
J1319-6056 |   7.00|  1.00|        |      |  0.290| 0.050
J1319-6105 |   2.30|  0.30|        |      |  0.420| 0.070
J1320-5359 |   8.00|  1.00|   2.100| 0.100|  0.510| 0.050
J1326-5859 |  45.00|  8.00|        |      |  3.600| 0.700
J1326-6408 |  11.00|  2.00|        |      |  0.320| 0.050
J1326-6700 |       |      |        |      |  4.000| 1.000
J1327-6222 | 160.00| 30.00|        |      |  5.000| 1.000
J1327-6301 |  13.00|  2.00|        |      |  1.100| 0.200
J1327-6400 |   0.50|  0.20|   0.210| 0.020|  0.081| 0.008
J1338-6204 |       |      |        |      |  1.100| 0.200
J1341-6023 |   1.60|  0.30|        |      |  0.020|
J1341-6220 |   0.90|      |   2.700| 0.100|  1.240| 0.090
J1345-6115 |   2.50|  0.50|        |      |  0.200| 0.040
J1347-5947 |   2.70|  0.50|        |      |  0.140| 0.030
J1349-6130 |   1.00|      |   0.760| 0.040|  0.320| 0.020
J1355-5153 | 200.00|      |        |      |  0.300|
J1356-5521 | 100.00|      |        |      |  0.200|
J1357-62   |  31.00|  5.00|        |      |  2.500| 0.400
J1357-6429 |   1.00|  0.30|   0.520| 0.030|  0.150| 0.020
J1359-6038 |  57.00|  3.00|  12.500| 0.600|  2.100| 0.100
J1401-6357 |  20.00|  6.00|        |      |  1.900| 0.600
J1406-6121 |   0.30|      |   0.440| 0.030|  0.310| 0.020
J1410-6132 |   0.20|      |   1.900| 0.100|  1.790| 0.090
J1412-6145 |   0.30|      |   0.690| 0.040|  0.200| 0.010
J1413-6141 |   0.40|      |   0.820| 0.040|  0.490| 0.030
J1413-6222 |   0.20|      |        |      |  0.450| 0.060
J1413-6307 |   3.00|  0.80|        |      |  0.500| 0.100
J1415-6621 |   1.30|  0.20|        |      |  0.200|
J1420-5416 | 200.00|      |        |      |  6.000|
J1420-6048 |   1.00|      |   1.190| 0.060|  0.900| 0.050
J1424-5822 |   4.30|  0.70|        |      |  0.290| 0.060
J1452-5851 |   0.60|  0.30|   0.330| 0.020|  0.123| 0.008
J1452-6036 |   1.80|  0.20|   1.900| 0.100|  0.760| 0.050
J1453-6413 |  80.00| 10.00|  18.000| 1.000|  2.400| 0.500
J1507-6640 |  20.00|      |        |      |  2.000|
J1509-5850 |       |      |   0.210| 0.010|  0.050|
J1512-5759 |  16.80|  0.90|   7.800| 0.400|  1.240| 0.060
J1513-5739 |   0.07|  0.06|        |      | 10.000|
J1513-5908 |   3.30|  0.30|   1.430| 0.070|  0.350| 0.030
J1514-5925 |   0.40|      |   0.290| 0.020|  0.160| 0.010
J1515-5720 |   1.04|  0.07|   0.250| 0.010|  0.080| 0.010
J1522-5829 |  30.00|  6.00|        |      |  5.000| 1.000
J1524-5625 |   1.80|  0.50|   1.280| 0.070|  0.550| 0.030
J1524-5706 |   0.17|  0.04|   0.450| 0.020|  0.140| 0.020
J1527-5552 | 200.00|      |        |      |  8.000|
J1530-5327 |   1.60|  0.40|   0.920| 0.060|  0.410| 0.060
J1531-5610 |   0.40|      |   0.870| 0.050|  0.600| 0.040
J1534-5405 |   6.00|  1.00|        |      |  0.210| 0.050
J1536-5433 |  80.00|      |        |      |  1.300| 0.400
J1538-5551 |   0.70|      |   0.330| 0.020|  0.100| 0.010
J1539-5626 |   7.60|  0.80|   5.000| 0.300|  2.100| 0.100
J1541-5535 |   0.10|      |   0.300| 0.020|  0.170| 0.010
J1543-5459 |   0.30|      |   0.810| 0.040|  0.210| 0.020
J1548-4927 |   2.20|  0.50|        |      |  0.200| 0.060
J1548-5607 |   3.10|  0.40|   1.390| 0.070|  0.300| 0.020
J1549-4848 |   4.10|  0.70|   1.600| 0.100|  0.250| 0.040
J1551-5310 |   0.90|      |   0.720| 0.040|  0.240| 0.010
J1600-5044 |  84.00|  5.00|  21.000| 1.000|  3.600| 0.200
J1600-5751 |   9.20|  0.50|   2.500| 0.100|  0.540| 0.070
J1601-5335 |   0.50|  0.10|   0.250| 0.020|  0.060| 0.010
J1604-4909 |  23.00|  6.00|        |      |  2.700| 0.800
J1610-5303 |   2.60|  0.40|        |      |  0.010|
J1611-4949 |   1.00|      |        |      |  0.340| 0.050
J1611-5209 |   2.60|  0.20|   1.450| 0.090|  0.490| 0.070
J1613-4714 |   8.00|  2.00|        |      |  0.360| 0.090
J1614-5048 |   6.00|  1.00|   4.100| 0.200|  0.670| 0.040
J1617-5055 |   0.10|      |   0.270| 0.020|  0.240| 0.010
J1618-4723 |   2.20|  0.50|        |      |  0.030|
J1622-4802 |       |      |        |      |  0.320| 0.060
J1625-4048 |   3.30|  0.80|        |      |  1.000|
J1626-4537 |   4.40|  0.90|        |      |  0.290| 0.060
J1626-4807 |   0.30|      |   0.370| 0.020|  0.260| 0.020
J1627-4706 |   0.09|      |   0.180| 0.010|  0.061| 0.005
J1630-4733 |   1.00|      |        |      |  3.400| 0.400
J1632-4621 |       |      |        |      |  0.210| 0.020
J1632-4757 |   0.30|      |   0.510| 0.030|  0.200| 0.010
J1632-4818 |   0.10|      |   0.480| 0.030|  0.101| 0.006
J1633-5015 |  27.00|  4.00|        |      |  1.200| 0.200
J1635-5954 |   3.40|  0.80|        |      |  0.400| 0.100
J1636-4440 |   0.20|      |   0.290| 0.020|  0.160| 0.020
J1636-4803 |       |      |        |      |  0.370| 0.040
J1637-4553 |   3.00|  0.40|   1.500| 0.090|  0.370| 0.030
J1637-4642 |   0.20|      |   0.930| 0.050|  0.530| 0.030
J1638-4417 |   0.08|      |   0.300| 0.020|  0.070| 0.020
J1638-4608 |   0.30|      |   0.450| 0.020|  0.121| 0.009
J1639-4359 |   4.90|  0.90|        |      |  0.190| 0.040
J1639-4604 |   4.90|  0.90|        |      |  0.150| 0.030
J1640-4715 |   4.00|  2.00|   1.560| 0.080|  0.600| 0.030
J1643-4505 |   0.40|      |   0.450| 0.020|  0.270| 0.020
J1644-4559 |1200.00| 60.00| 300.000|60.000| 61.000| 3.000
J1646-4346 |   0.40|      |   1.250| 0.080|  0.390| 0.040
J1646-6831 |   8.00|  2.00|        |      |  0.700| 0.400
J1648-4611 |   0.07|      |   0.610| 0.030|  0.460| 0.030
J1649-4349 |       |      |        |      |  0.070|
J1649-4653 |   0.10|      |   0.370| 0.020|  0.130| 0.010
J1650-4502 |   2.00|      |   0.610| 0.040|  0.270| 0.030
J1650-4921 |   0.30|      |   0.290| 0.020|  0.310| 0.030
J1651-4246 |  80.00|  8.00|        |      |  2.800| 0.300
J1651-5222 |  11.00|  3.00|        |      |  1.700| 0.400
J1651-5255 |   9.00|  2.00|        |      |  0.700| 0.200
J1653-3838 |   2.60|  0.50|        |      |  0.900| 0.200
J1653-4249 |   0.28|  0.06|        |      |  2.000| 1.000
J1654-4140 |   5.00|      |        |      |  0.100| 0.020
J1658-4958 |   3.70|  0.80|        |      |  0.230| 0.060
J1700-3312 |   3.90|  0.90|        |      |  0.310| 0.080
J1701-3726 |  14.00|  2.00|        |      |  0.900| 0.200
J1701-4533 |   5.20|  0.70|        |      |  0.600| 0.100
J1702-4128 |   1.00|      |   1.170| 0.070|  0.940| 0.060
J1702-4306 |       |      |   0.460| 0.040|       |
J1702-4310 |       |      |   0.920| 0.060|  0.420| 0.070
J1703-3241 |  30.00|  8.00|        |      |  1.900| 0.600
J1703-4851 |   5.00|  1.00|        |      |  0.090|
J1704-6016 |   0.10|      |        |      |       |
J1705-3423 |  15.00|  4.00|        |      |  1.600| 0.400
J1705-3950 |       |      |   1.600| 0.100|  1.100| 0.200
J1705-4108 |       |      |        |      |  1.000| 0.100
J1707-4053 |  22.00|  4.00|        |      |  1.500| 0.300
J1707-4729 |   2.00|      |        |      |  0.800| 0.200
J1708-3426 |   9.00|  2.00|        |      |  0.240| 0.060
J1709-4429 |       |      |  12.100| 0.700|  5.000| 1.000
J1711-5350 |   4.00|  1.00|        |      |  0.190| 0.060
J1715-3903 |       |      |   0.660| 0.050|  0.330| 0.040
J1715-4034 |   6.00|  1.00|        |      |  0.260| 0.060
J1717-3425 |  19.00|  2.00|        |      |  0.600| 0.090
J1717-4054 |  20.00|  3.00|   0.060|      |  1.000| 0.200
J1718-3825 |       |      |   1.700| 0.100|  1.100| 0.200
J1719-4006 |   3.60|  0.60|        |      |  0.410| 0.070
J1720-1633 |   5.00|  2.00|        |      |  0.100|
J1721-3532 |       |      |  16.800| 0.900|  8.000| 0.700
J1722-3207 |  17.00|  4.00|        |      |  1.100| 0.300
J1722-3712 |       |      |   3.800| 0.300|  0.600| 0.200
J1723-3659 |       |      |   2.100| 0.100|  0.710| 0.090
J1726-3530 |       |      |   0.390| 0.030|  0.180| 0.060
J1727-2739 |   7.00|  2.00|        |      |  0.700| 0.200
J1730-2304 |   6.00|  3.00|   3.000| 1.000|  0.100| 0.100
J1730-3350 |       |      |   4.300| 0.200|  0.900| 0.100
J1731-4744 |       |      |  27.000| 3.000|  7.000| 2.000
J1733-3322 |   0.20|      |        |      |  0.350| 0.060
J1733-3716 |       |      |   3.600| 0.200|  2.100| 0.300
J1734-3333 |       |      |   0.490| 0.060|  0.370| 0.080
J1735-3258 |       |      |   0.350| 0.060|  0.390| 0.050
J1737-3137 |       |      |   0.880| 0.060|  0.200| 0.020
J1737-3555 |   2.50|  0.80|        |      |  0.280| 0.090
J1738-2955 |       |      |   0.240| 0.020|  0.040| 0.010
J1738-3211 |   5.00|  2.00|        |      |  0.800| 0.400
J1739-2903 |       |      |   4.500| 0.300|  1.400| 0.300
J1739-3023 |       |      |   1.010| 0.070|  0.160| 0.030
J1740-3015 |  18.00|  2.00|   8.900| 0.500|  3.400| 0.200
J1741-2733 |   6.00|  2.00|        |      |  0.200|
J1741-3016 |       |      |        |      |  0.290| 0.050
J1741-3927 |  19.00|  3.00|        |      |  2.000| 0.400
J1743-3150 |   9.00|  2.00|        |      |  0.310| 0.080
J1744-1134 |  12.00|  9.00|  13.000| 8.000|  0.300| 0.300
J1744-3130 |   1.80|  0.40|        |      |  0.350| 0.080
J1745-3040 |       |      |  21.000| 1.000|  4.200| 0.700
J1748-1300 |  11.00|  2.00|        |      |  0.300| 0.200
J1749-3002 |  11.00|  2.00|        |      |  1.000| 0.200
J1751-3323 |   1.50|  0.20|        |      |  0.900| 0.100
J1751-4657 |  30.00| 10.00|        |      |  0.400| 0.200
J1752-2806 | 350.00| 50.00|        |      |  5.000| 2.000
J1755-2521 |   1.00|      |        |      |       |
J1756-2435 |   6.00|  1.00|        |      |  0.400| 0.070
J1757-2223 |       |      |        |      |  0.340| 0.080
J1757-2421 |       |      |   7.200| 0.400|  2.200| 0.300
J1758-2630 |       |      |        |      |  0.030|
J1759-1956 |   1.70|  0.30|        |      |  0.100| 0.020
J1759-2205 |       |      |        |      |  0.500| 0.100
J1759-3107 |   4.00|  0.70|        |      |  0.380| 0.090
J1801-2154 |       |      |   0.210| 0.020|  0.069| 0.009
J1801-2304 |       |      |   7.000| 0.500|  1.600| 0.100
J1801-2451 |       |      |   1.460| 0.090|  0.220| 0.030
J1801-2920 |   7.00|  1.00|        |      |  0.420| 0.080
J1803-1857 |   5.00|      |        |      |  0.300|
J1803-2137 |       |      |  15.000| 1.000|  8.000| 1.000
J1805-1504 |  14.00|  3.00|        |      |       |
J1806-1154 |   8.00|  2.00|        |      |  0.400| 0.100
J1806-2125 |       |      |   0.800| 0.040|  0.160| 0.020
J1807-0847 |  34.00|  6.00|        |      |  4.000| 1.000
J1807-2459A|   0.20|      |        |      |  0.300| 0.100
J1808-0813 |   7.00|  1.00|        |      |  0.230| 0.040
J1808-2057 |  16.00|  2.00|        |      |  1.000| 0.100
J1809-1429 |   3.50|  0.50|        |      |  0.240| 0.040
J1809-1917 |       |      |   2.800| 0.200|  2.100| 0.300
J1809-2109 |       |      |        |      |  0.280| 0.050
J1809-3547 |  20.00| 10.00|        |      |       |
J1810-5338 |  12.00|  3.00|        |      |  0.500| 0.200
J1812-1718 |       |      |        |      |  0.200| 0.040
J1812-1733 |  11.00|  2.00|        |      |  1.000| 0.100
J1812-1910 |       |      |   0.280| 0.020|  0.076| 0.009
J1812-2102 |       |      |        |      |  0.510| 0.080
J1815-1738 |       |      |   0.400| 0.030|  0.140| 0.020
J1817-3618 |   7.00|  4.00|        |      |  0.400| 0.200
J1817-3837 |   9.00|  4.00|        |      |  0.600| 0.100
J1818-1519 |   0.20|      |        |      |  0.020|
J1820-1529 |       |      |   0.830| 0.080|  0.230| 0.020
J1822-2256 |  16.00|  4.00|        |      |  1.000| 0.300
J1822-4209 |   2.30|  0.80|        |      |  0.300| 0.100
J1823-1115 |  11.00|  1.00|        |      |  1.000| 0.100
J1823-3106 |  11.00|  3.00|        |      |  1.200| 0.400
J1824-1118 |   6.20|  0.80|        |      |  0.440| 0.070
J1824-1945 |       |      |   7.800| 0.400|  1.300| 0.200
J1825-1446 |       |      |   2.900| 0.200|  1.900| 0.300
J1826-1334 |       |      |   4.700| 0.200|  3.000| 0.400
J1827-0750 |   7.00|  1.00|        |      |  0.700| 0.100
J1828-0611 |   3.60|  0.60|        |      |  0.430| 0.080
J1828-1057 |       |      |   0.330| 0.040|  0.170| 0.030
J1828-1101 |       |      |   2.300| 0.200|  1.400| 0.200
J1829-1751 |  28.00|  6.00|        |      |  3.000| 0.700
J1830-1059 |       |      |   1.500| 0.100|  0.600| 0.100
J1831-0823 |   3.40|  0.70|        |      |  0.210| 0.050
J1831-0952 |       |      |   0.350| 0.040|       |
J1831-1223 |   3.70|  0.60|        |      |  0.240| 0.050
J1832-0644 |   0.10|      |        |      |  1.500| 0.200
J1832-0827 |       |      |   4.000| 0.300|  1.500| 0.200
J1833-0338 |  14.00|  3.00|        |      |  0.350| 0.050
J1833-0827 |       |      |   6.900| 0.400|  1.900| 0.200
J1834-0731 |       |      |   1.300| 0.100|  0.370| 0.050
J1834-1710 |   4.00|  1.00|        |      |  0.170| 0.050
J1835-0643 |       |      |   2.300| 0.200|  0.600| 0.200
J1835-1020 |       |      |        |      |  0.900| 0.300
J1835-1106 |       |      |   2.500| 0.200|  0.500| 0.100
J1836-0436 |   3.30|  0.70|        |      |  0.700| 0.200
J1836-1008 |       |      |        |      |  0.500| 0.100
J1837-0559 |       |      |   0.580| 0.040|  0.130| 0.020
J1837-0604 |       |      |   0.750| 0.060|  0.380| 0.040
J1837-0653 |  13.00|  2.00|        |      |  0.800| 0.200
J1838-0453 |       |      |   0.400| 0.050|  0.090| 0.010
J1838-0549 |       |      |   0.420| 0.040|  0.140| 0.020
J1839-0321 |       |      |   0.270| 0.030|  0.066| 0.009
J1839-0643 |   2.00|      |        |      |  0.560| 0.090
J1839-0905 |       |      |   0.220| 0.020|  0.110| 0.020
J1840-0809 |   5.00|  0.80|        |      |  0.800| 0.100
J1840-0815 |   9.00|  2.00|        |      |  0.500| 0.100
J1841-0425 |       |      |   3.300| 0.200|  0.720| 0.090
J1841-0524 |       |      |   0.200| 0.040|  0.048| 0.007
J1842-0153 |   1.40|  0.20|        |      |  0.150| 0.030
J1842-0359 |  36.00|  8.00|        |      |  3.400| 0.800
J1842-0905 |       |      |   1.040| 0.070|  0.320| 0.050
J1843-0000 |  10.00|  3.00|        |      |  1.200| 0.400
J1843-0211 |   2.00|  0.30|        |      |  0.310| 0.050
J1843-0355 |       |      |   0.890| 0.070|  0.540| 0.050
J1843-0459 |   4.10|  0.60|        |      |  0.210| 0.040
J1843-0702 |       |      |   0.270| 0.040|  0.060|
J1844-0256 |       |      |   0.590| 0.060|  0.350| 0.030
J1844-0433 |  16.00|  4.00|        |      |  0.240| 0.070
J1844-0538 |       |      |   3.200| 0.200|  0.550| 0.070
J1845-0743 |       |      |   3.700| 0.200|  0.900| 0.100
J1845-1114 |   0.80|  0.20|        |      |  0.300| 0.070
J1847-0402 |       |      |   4.900| 0.300|  1.400| 0.200
J1847-0438 |   0.20|      |        |      |  0.150| 0.030
J1847-0605 |   3.00|      |        |      |  0.200|
J1848-0123 |  40.00| 10.00|        |      |  3.100| 0.800
J1848-1414 |   1.70|  0.40|        |      |  0.070| 0.020
J1849-0636 |   7.00|  2.00|        |      |  0.230| 0.060
J1850-0026 |   0.10|      |        |      |  0.600| 0.080
J1852-0635 |  11.00|  2.00|        |      | 10.000| 2.000
J1852-2610 |   1.90|  0.70|        |      |       |
J1853+0545 |   0.30|      |        |      |  1.100| 0.300
J1853-0004 |       |      |   0.700| 0.100|  0.170| 0.020
J1854-1421 |   9.00|  2.00|        |      |  0.500| 0.100
J1855+0307 |   1.90|  0.20|        |      |  0.230| 0.050
J1856+0404 |       |      |        |      |  1.000|
J1857+0212 |   5.60|  0.80|        |      |  0.800| 0.100
J1900-2600 |  50.00| 20.00|        |      |  2.100| 0.700
J1900-7951 |   4.00|  2.00|        |      |  0.100|
J1901+0331 |  39.00|  6.00|        |      |  0.900| 0.200
J1901-0906 |   6.00|  1.00|        |      |  0.190| 0.070
J1902+0556 |       |      |        |      |  0.500| 0.100
J1903+0135 |  29.00|  4.00|        |      |  1.300| 0.200
J1903-0632 |   7.00|  2.00|        |      |  0.130| 0.030
J1903-0848 |   0.70|  0.20|        |      |  0.020|
J1904+0004 |   8.00|  2.00|        |      |  0.600| 0.100
J1905-0056 |   1.70|  0.30|        |      |  0.120| 0.030
J1907+0534 |   0.90|  0.10|        |      |       |
J1908+0500 |   3.40|  0.70|        |      |  0.400| 0.100
J1909+1102 |  12.00|  3.00|        |      |  0.340| 0.090
J1909-3744 |   1.50|  0.80|   1.000| 1.000|  0.500| 0.400
J1913-0440 |  28.00|  5.00|        |      |  1.800| 0.500
J1915+1009 |       |      |        |      |  0.390| 0.090
J1916+1312 |       |      |        |      |  0.500| 0.100
J1920+1040 |       |      |        |      |  0.010|
J1932-3655 |   2.30|  0.80|        |      |  0.090| 0.040
J1933-6211 |   2.00|  2.00|        |      |  0.200| 0.200
J1941-2602 |   4.00|  2.00|        |      |  0.500| 0.200
J1946-2913 |   3.00|  1.00|        |      |  0.100|
J1947-4215 |   0.07|      |        |      |       |
J2006-0807 |  11.00|  5.00|        |      |  0.020|
J2010-1323 |   1.10|  0.70|        |      |       |
J2038-3816 |   1.40|  0.70|        |      |  0.200|
J2046-0421 |       |      |        |      |  0.200| 0.100
J2048-1616 |  40.00| 30.00|        |      |  4.000| 4.000
J2051-0827 |   3.00|  2.00|        |      |       |
J2053-7200 |  11.00|  7.00|        |      |  0.300| 0.200
J2108-3429 |   2.00|  1.00|        |      |       |
J2145-0750 |  10.00| 10.00|   0.800| 0.400|  2.000| 2.000
J2222-0137 |   1.00|  1.00|        |      |  0.500| 0.700
J2317+1439 |       |      |        |      |  0.020|