J0437–4715 5.757 6500 17 000 0.58 2.2 <0.2 <0.2 – 12.6 7.7
J0738–4042 374.9 3.7 17 000 0.23 2.4 <0.3 <0.3 – – 17.5
J0835–4510 89.35 0.011 17 000 5.0 2.2 0.80 0.33 −0.32 14.4 7.4
24 000 3.4 2.1 0.71 0.39 −0.37 15.1 7.7
J0908–4913 106.8 0.11 17 000 0.26 1.5 0.46 <0.3 – 7.0 3.2
J1048–5832 123.7 0.020 17 000 0.36 1.2 0.5 <0.4 – – 11.3
J1622–4950 4326 0.004 17 000 8.0 −0.2 0.80 0.12 −0.10 144 19.7
24 000 5.6 −0.1 0.34 0.20 −0.10 156 16.8
J1644–4559 455.1 0.36 17 000 0.16 3.0 <0.4 <0.4 – – 18.9
J1721–3532 280.4 0.18 17 000 1.1 1.0 <0.2 <0.2 – 16.9 7.4
J1740–3015 606.9 0.021 17 000 0.34 1.2 0.66 0.52 −0.51 3.9 2.1