J 0006 + 18 <40 18.0 9 <3. 9 J 0927 + 23 30 13 5.2 17
0031–07 560 310 1.6 8 1.7 0942–13 100 30 2.0 8 1.0
0037 + 56 24 15 3.8 12 0.9 0943 + 10 200 200 1.1 7 2.9
0045 + 33 88 21 1.5 8 2.7 J 0943 + 22 77 60 7.9 18 1.9
0052 + 51 23 12 3.1 19 1.4 0950 + 08 2030 2650 59.4 69 1.2
0053 + 47 80 26 6.1 9 2.4 J 1012 + 5307 MP 100 40 620.1 19 0.9
0059 + 65 77 42 0.4 4 1.6 IP 85 45 360.2 11
0105 + 65 84 23 0.8 2 1.6 1016–16 220 120 0.6 5 2.8
0105 + 68 23 12 12.4 22 1.3 J 1022 + 10 100 40 165.0 19 1.1
0114 + 58 70 20 29.2 11 1.6 J 1025-0709 300 120 126.5 8 2.5
0136 + 57 181 85 19.5 13 1.4 1039–19 <50 0.8 5 <2.1
0144 + 59 MP 25 15 39.5 23 1112 + 50 60 14 9.8 48 1.2
IP 13 8 26.0 13 1133 + 16 1280 550 4.7 25 1.2
0148–06 109 55 1.2 8 0.8 1237 + 25 260 130 1.7 10 0.6
0153 + 39 <39 0.6 4 <1. 7 J 1238 + 21 60 22 3.3 16
0154 + 61 52 20 2.0 10 1.5 J 1246 + 22 30 20 10.9 22 0.0
0226 + 70 17 8 10.0 25 1.4 1254–10 110 60 6.7 19 1.6
0301 + 19 48 26 2.3 14 0.4 1257 + 12 220 100 390.0 27 1.8
0320 + 39 230 70 1.2 16 1.4 1309–12 60 35 2.0 8 2.0
0329 + 54 517 223 1.8 6 –0.8 1310 + 18 80 30 68.5 20 3.2
0331 + 45 34 11 18.1 17 1.3 1322 + 83 36 12 30.6 11 0.9
0339 + 53 50 26 2.8 15 1.9 1508 + 55 1280 500 3.6 7 1.8
0353 + 52 19 8 21.1 16 0.3 1516 + 02a (180) (50) 136 7 3.9
0402 + 61 55 18 11.5 15 0.9 1540–06 130 30 4.4 15 0.9
0410 + 69 28 23 24.0 15 1.1 J 1518 + 4904 68 20 76 19
J 0417 + 35 46 15 6.0 15 2.6 1530 + 27 94 44 2.6 12 1.4
J 0421–03 58 43 2.8 14 2.0 1534 + 12 MP 90 35 102.0 18 0.7
J 0435 + 27 67 28 15.7 21 IP80 30 70.0 12
0447–12 64 23 6.1 12 1.3 1541 + 09 400 2.0 7 1.2
0450 + 55 150 60 26.9 24 0.7 J 1549 + 2110 66 46 2.4 13
0458 + 46 40 20 12.8 26 1.0 1604–00 220 100 4.0 8 1.0
J 0459–02 130 50 2.5 13 1.8 1607–13 160 80 3.2 20 1.7
0523 + 11 119 25 3.7 6 1.3 1612 + 07 100 40 0.5 3 1.7
0525 + 21 100 50 0.3 5 0.4 1620–09 40 25 3.4 20 1.4
0531 + 21 104 6000 24.0 5 2.0 J 1627 + 1419 50 26 9.0 20
J 0533 + 04 42 21 4.9 22 1633 + 24 50 15 5.4 15 1.3
J 0538 + 2817 320 150 14.5 10 1.7 J 1640 + 2224 250 130 258.5 7
0540 + 23 44 16 13.1 16 0.3 1639 + 36a 180 100 116.9 9 3.0
0559–05 100 38 10.4 19 1.1 1642–03 300 170 3.2 6 – 0.2
0609 + 37 60 20 17.7 24 1.0 J 1645 + 1012 90 60 2.4 9
J 0613-0200 (210) 160 26.5 1 1.7 1648–17 <260 1.4 12 –2.5
0611 + 22 280 100 8.8 14 1.7 J 1649 + 2533 60 30 1.6 7
J 0621 + 1002 (420) 240 76.0 2 J 1652 + 2651 40 20 2.9 11
0621–04 100 60 6.7 32 2.2 1657–13 90 50 2.9 11 1.9
0626 + 24 130 80 6.9 16 1.0 1700–18 190 100 0.6 7 2.1
J 0631 + 1036 180 20 2.3 3 3.5 1702–19 150 50 3.8 5 1.2
0643 + 80 16 7 26.9 24 0.7 1709–15 200 120 1.1 6 2.6
0656 + 14 55 29 10.5 19 1.6 J 1713 + 0747 280 75 360.1 14 1.5
0727–18 <250 2.2 5 <1.3 1717–16 <190 2.1 15 <2.0
J 0751 + 1807 290 90 612.0 15 2.5 1718–02 80 40 3.6 8 0.9
0751 + 32 49 20 1.7 11 1.3 J 1720 + 2150 <60 1.9 8
0756–15 60 44 5.5 17 1.5 1726–00 80 40 5.6 10 1.5
0809 + 74 1080 900 1.8 3 1.9 1730–22 <290 0.8 3 <1.8
0820 + 02 100 46 4.7 19 0.9 1732–07 100 36 4.9 13 1.3
0823 + 26 620 130 14.6 32 1.6 1732–02 80 60 2.8 11 1.9
0834 + 06 1040 320 1.8 11 1.8 J 1736 + 05 70 24 2.0 9
0841 + 80 28 17 18.8 21 2.1 1737 + 13 80 12 1.1 4 0.9
0906–17 320 150 6.2 11 2.2 1738–08 140 83 0.9 8 1.2
0917 + 63 30 11 4.7 15 1.3 1740–13 370 200 3.3 12 3.0
0919 + 06 128 63 4.5 9 0.6 1740–03 90 40 6.8 18 2.5
J 1741 + 2758 30 10 0.7 5 1935 + 25 <100 3.5 6
1745–12 230 180 5.1 9 1.7 1937 + 21 >2200 1100 37.0 4 >1.6
J 1752 + 2359 40 20 5.8 10 1942–00 90 50 2.0 10 2.0
1753 + 52 30 12 1.5 21 1.3 1943 + 18 <60 2.4 11
1758–03 100 55 2.4 11 1.3 J 1946 + 2611 115 60 3.9 8 3.2
J 1758 + 30 60 40 4.0 15 2.5 1946 + 35 60 40 3.7 10 –0.6
1802 + 03 110 30 8.9 9 2.3 1951 + 32 220 170 117.0 18 2.5
1804–08 550 340 12 14 1.6 1953 + 50 170 50 5.5 17 1.4
J 1808 + 00 <190 1.3 5 <3.3 2000 + 32 80 30 2.2 6 2.0
J 1808–0813 120 50 2.5 10 1.1 2000 + 40 170 80 0.5 3 0.9
1810 + 02 35 18 2.4 11 1.6 2002 + 31 <35 1.1 9
J 1811 + 0702 160 50 6.6 14 1.9 2003–08 190 50 2.6 7 1.6
1822 + 00 60 30 4.5 15 1.5 J 2008 + 2513 60 30 6.5 16 2.3
J 1822 + 0705 60 20 1.9 12 2011 + 38 95 40 6.0 20 0.9
1823–11 <150 1.2 11 <2.5 2016 + 28 260 100 4.3 11 –0.1
J 1823–0154 300 170 2.6 9 2.3 J 2019 + 2425 170 80 332.6 11 1.8
1829–08 <80 2.4 7 <1.6 2020 + 28 340 140 3.2 8 1.1
1831–03 770 400 2.2 7 1.6 2021 + 51 60 25 5.0 11 –0.2
1831–00 <540 0.8 2 <3.4 2022 + 50 30 20 3.5 8 1.1
1834–06 90 60 1.5 13 1.3 2025 + 21 30 10 3.5 6 1.7
J 1834 + 10 80 50 1.3 7 2028 + 22 22 10 1.8 5 1.1
1839–04 610 340 0.9 8 2.6 J 2033 + 17 200 60 196.0 8
1839 + 56 50 20 0.5 2 0.6 2035 + 36 34 10 3.5 8 1.3
1841–04 <190 0.3 5 <2.3 2036 + 53 30 17 3.0 12 1.7
1844–04 100 60 3.6 10 0.2 2043–04 45 20 0.5 6 0.6
1845–01 950 550 2.0 6 1.8 J 2043 + 2740 190 80 8.4 10
1846–06 90 60 0.3 6 0.9 2044 + 46 <110 3.1 14
1848 + 04 280 180 9.1 12 2.3 2045 + 56 34 11 4.2 5 1.5
1848 + 12 70 30 1.9 11 1.6 2053 + 36 80 20 9.7 16 0.8
1848 + 13 65 10 1.6 5 1.7 2110 + 27 130 30 4.4 31 1.4
1853 + 01 <220 4.8 6 <3.0 2111 + 46 430 110 3.1 10 0.5
1854 + 00 170 90 6.8 16 2.6 2122 + 13 55 25 5.8 18 1.9
1855 + 02 340 140 1.6 6 2.2 2127 + 11a 40 23 21.0 17 3.6
1855 + 09 370 120 45.0 3 1.8 J 2139 + 2242 30 10 1.7 8
1859 + 03 1460 920 1.0 3 1.6 J 2145–0750 90 50 29.0 3 0.4
1900–06 140 90 3.5 7 1.3 2148 + 52 40 24 7.5 14 0.7
1900 + 05 100 30 2.3 8 1.4 2148 + 63 20 8 5.1 11 =0.3
1902–01 280 170 3.3 10 2.5 2154 + 40 200 70 0.9 5 0.5
1903 + 07 <180 1.7 5 J 2156 + 2618 <40 1.4 3
J 1904 + 0004 <60 12.4 8 J 2205 + 1444 60 20 2.1 9 2.7
1907–03 220 160 3.8 9 1.5 2210 + 29 50 20 3.0 12 1.5
1907 + 02 110 50 1.3 6 1.2 J 2215 + 1538 30 16 4.5 15 1.5
1907 + 10 250 120 7.9 12 1.2 2217 + 47 1200 400 0.6 2 1.7
1907 + 12 100 50 0.9 6 2.2 2227 + 61 60 10 9.1 9 0.9
1911 + 13 55 25 1.7 4 1.7 J 2229 + 2643 270 200 40.1 1 2.2
1913 + 10 220 50 1.4 4 1.7 J 2234 + 2114 35 13 1.2 7 1.9
1914 + 09 230 85 1.6 4 1.8 J 2235 + 1506 90 40 38.1 6 2.5
1914 + 13 530 390 3.9 5 2.7 2241 + 69 30 20 2.8 9 1.8
1915 + 13 140 100 2.2 2 0.9 J 2248–0101 120 50 5.0 11 1.7
1918 + 26 30 11 3.1 10 1.2 J 2253 + 1516 45 20 2.5 9 2.1
1919 + 14 210 110 2.5 7 3.1 2303 + 46 20 10 3.6 12 –0.1
1919 + 21 1900 600 0.7 4 2.7 J 2307 + 2225 30 13 4.4 10 2.0
1920 + 20 <130 1.8 9 2310 + 42 110 90 7.3 9 0.2
1923 + 04 50 30 0.8 4 0.6 2315 + 21 100 30 0.3 2 1.4
1924 + 14 160 80 1.0 7 2.1 J 2317 + 1439 120 50 160.0 4 1.3
1924 + 16 140 90 3.9 10 2.1 2324 + 60 120 40 7.2 5 1.4
1929 + 10 950 660 5.4 9 0.6 2334 + 61 75 30 14.0 16 1.5
1929 + 20 550 300 6.0 7 2.2 J 2347–0612 70 40 2.9 16 1.4
1930 + 22 90 20 9.6 6 1.8 2351 + 61 30 10 2.9 8 0.4