0031-07 943 1979 950.0 10.0 1422 34 11 7 3 2 19 40 21
1990 950.0 10.0 1000. 35 17 6 1 2 16 33 18
0149-16 833 1979 950.0 10.0 7491 5 11 8 -5 2 8 12 7
1990 950.0 10.0 2880 13 15 11 -7 3 7 10 6
0203-40 631 1979 950.0 10.0 4745 4 9 11 -6 5 4 10 5
0254-53 448 1979 950.0 10.0 4115 18 3 4 -3 1 7 10 6
0403-76 545 1990 953.3 10.0 13176 8 28 8 -5 2 14, 20 13
0450-18 549 1979 950.0 6.0 6311 29 13 4 -1 1 18 26 17
0538-75 1246 1979 950.0 10.0 5518 16 39 11 -9 2 19 30 18
1989 950.0 10.0 720 81 58 18 -16 2 15 27 14
1991 800.0 10.0 5760 69 48 6 -4 4 20 29 18
0628-28 1244 1979 950.0 6.0 3160 94 50 5 -4 1 18 37 21
1990 950.0 10.0 960 238 56 11 -10 1 18 36 20
1991 800.0 10.0 5760 254 57 3 -2 2 18 36 21
0736-40 375 1979 950.0 1.0 8031 137 21 7 -6 1 15 36 20
1990 950.0 2.5 8000 252 30 8 -7 1 15 38· 17
1991 800.0 3.0 9600 306 19 6 -3 3 20 40 22
0740-28 167 1979 950.0 0.5 20040 53 86 8 -7 2 8 17 9
1991 800.0 1.0 32760 170 82 6 -4 2 11 18 11
0743-53 215 1990 953.3 2.5 33480 17 24 12 0 3 19 32 20
0808-47 547 1990 960.0 2.5 4368 11 35 13 -3 6 7 16 6
0818-13 1238 1979 950.0 10.0 747 22 5 15 -15 2 7 11 8
0833-45 89 1979 950.0 0.5 29541 2342 86 5 -5 0.2 8 16 8
1990 952.5 2.5 53664 3752 89 9 -9 0.1 9 17 10
0834+06 1274 1979 950.0 10.0 822 11 3 9 -7 3 7 10 6
0835-41 752 1979 950.0 1.0 3649 45 11 18 17 2 3 7 4
1991 800.0 1.0 4740 133 9 30 30 6 5 9 5
0844-35 1116 1990 950.0 10.0 2136 17 40 19 -16 3 7 26 11
0853-33 1267 1990 950.0 10.0 1872 3 26 8 -1 7 6 9 5
0905-51 254 1990 953.3 2.5 26004 39 38 8 .3 2 20 36 21
0919+06 431 1979 950.0 6.0 2542 33 48 9 7 2 6 14 7
0932-52 1445 1990 950.0 10.0 1587 11 19 17 -17 3 6 12 7
0940-55 665 1979 950.0 1.0 3729 18 26 9 -1 4 7 30 10
0950+08 253 1979 950.0 10.0 3514 378 13 8 -6 0.3 13 31 17
0953-52 862 1990 950.0 2.5 2760 5 12 12 -2 10 3 14 7
0959-54 1437 1979 950.0 2.5 2908 21 7 5 2 3 3 7 4
1054-62 422 1990 950.0 2.5 1416 106 53 6 -1 2 18 33 18
1055-52a .197 1990 950.0 2.5 12168 25 69 12 -1 6 156 188 26
1055-526 1990 950.0 2.5 12168 12 95 9 2 6 24 ' 29 12
1055-52° 1990 950.0 2.5 12168 12 47 15 -3 6 16 43 22
1056-57 1185 1990 950.0 10.0 1848 8 12 6 1 4 5 10 6
1114-41 943 1990 953.8 10.0 8268 12 7 4 -3 1 5 8 5
1133+16 1188 1979 950.0 10.0 1239 9 13 8 -5 4 3 11 5
1154-62 401 1979 950.0 0.5 2308 31 24 15 12 4 12 22 14
1221-63 216 1979 950.0 0.5 8526 '17 28 33 26 5 8 14 7
1240-64 389 1979 950.0 0.5 1689 68 13 6 3 2 5 10 6
1991 800.0 1.0 12320 192 12 9 8 3 7 13 8
1323-58 478 1990 954.9 2.5 9823 62 37 11 6 2 8 25 12
1323-62 530 1979 950.0 0.5 2134 49 -1 11 4 3 11 20 13
1356-60 128 1979 950.0 0.3 20237 33 77 21 6 7 8 16 10
1358-63a 843 1990 955.1 2.5 11210 21 23 3 -1 2 4 7 5
1358-63b 1990 954.3 2.5 1652 23 12 6 -3 3 5 8 6
1358-63< 1990 955.3 2.5 3776 21 21 4 -1 2 4 8 5
1991 800.0 10.0 2556 63 14 4 2 5 7 15 8
1424-55 570 1990 950.0 2.5 4200 21 12 6 4 3 10 16 10
1426-66 785 1979 950.0 2.5 1788 25 7 5 4 2 3 13 6
1991 800.0 10.0 6080 136 4 4 4 2 9 15 9
1449-64 179 1979 950.0 0.5 15059 42 23 6 5 2 7 14 8
1991 800.0 1.0 32760 89 18 8 -2 7 7 16 8
1451-68 263 1979 950.0 2.5 4108 142 13 8 4 1 17 35 19
1990 945.0 2.5 7999 651 11 6 3 0.2 19 36 20
1991 800.0 10.0 18160 208 8 6 4 3 18 37 20
1530-53 1369 1979 950.0 10.0 1619 8 4 9 3 4 5 19 7
1990 960.0 10.0 1460 45 12 9 -3 2 4 12 6
1556-44 257 1979 950.0 1.0 4099 48 40 13 -10 3 8 19 11
1991 800.0 3.0 18640 157 38 8 -7 4 10 20 11
1557-50 193 1979 950.0 0.3 12142 47 12 21 20 5 16 36 20
1558-50 864 1979 950.0 1.0 2153 13 9 12 5 5 6 12 6
1600-49 327 1979 950.0 0.5 4087 22 4 8 -2 4 6 15 7
1604-00 422 1979 950.0 10.0 4848 18 5 4 1 1 9 16 10
1641-45 455 1979 950.0 0.3 6862 835 12 3 -2 0.3 14 33 17
1991 800.0 1.0 5240 846 3 3 2 4 26 59 31
1641-68 1786 1990 953.0 10.0 3752 14 39 14 5 3 16 20 12
1642-03 388 1979 950.0 2.5 3215 47 10 3 -2 1 4 9 5
1648-42 844 1979 950.0 0.5 1722 42 26 19 -13 4 24 67 32
1700-32 1212 1979 950.0 2.5 2014 17 40 7 -1 2 12 15 11
1702-19d 299 1990 954.9 10.0 13694 7 43 26 -20 4 12 21 13
1706-16 653 1979 950.0 6.0 2030 45 9 3 2 1 5 12 7
1991 800.0 10.0 7280 99 10 4 3 2 7 14 7
1718-32 477 1979 950.0 1.0 2165 11 11 10 -5 10 9 14 7
1727-47 830 1979 950.0 2.5 2007 44 13 5 4 1 9 12 7
1991 800.0 3.0 4320 196 17 7 6 2 8 14 8
1737-39 512 1990 954.3 2.5 15990 22 17 10 7 3 6 14 7
1742-30 367 1979 950.0 1.0 12119 49 47 10 -9 3 6 13 8
1747-46 742 1979 950.0 10.0 1731 29 15 10 10 1 7 11 7
1991 800.0 10.0 6400 33 6 12 9 6 7 11 7
1749-28 563 1979 950.0 2.5 3843 208 8. 3 -2 0.5 5 8 5
1991 800.0 10.0 4240 512 10 4 4 1 7 12 7
1804-08 164 1979 950.0 0.5 12660 33 12 10 6 3 15 26 13
1818-04 598 1979 950.0 2.5 2840 21 18 13 -6 3 6 12 7
1821-19 189 1979 950.0 0.3 12312 13 4 14 -11 9 5 9 5
1822-09a 769 1979 950.0 10.0 793 20 10 5 4 2 6 11 '7
1822-09h 1979 950.0 10.0 2127 27 26 3 1 1 5 23 7
1826-17 307 1979 950.0 0.5 4940 19 20 17 -11 5 15 25 13
1845-01 659 1979 950.0 1.0 2093 27 4 8 -5 4 9 22 11
1845-19 4309 1979 950.0 10.0 412 4 15 14 -13 5 5 9 5
1857-26 612 1979 950.0 6.0 7760 35 35 12 -1 1 32 40 27
1991 800.0 10.0 10864 80 34 15 3 5 33 39 28
1859+03 655 1979 950.0 0.5 3360 15 29 20 0 7 7 30 9
1900+01 729 1979 950.0 1.0 2151 13 5 13 8 4 5 10 5
1911-04 826 1990 955.0 2.5 5808 30 13 8 -5 2 4 8 4
1929+10 227 1979 950.0 10.0 2321 40 68 7 -5 2 9 23 10
1937+21< 1.6 1989 955.0 0.2 610946 85 37 10 -4 11 52
1937+21d 1989 955.0 0.2 610946 57 55 15 -6 18 37 55 35
1937-26 403 1979 950.0 2.5 6040 3 38 29 -24 14 4 10 4
1940-12 972 1979 950.0 10.0 4003 4 7 7 -4 4 4 9 5
1944+17 441 1979 950.0 6.0 1850 26 32 9 -9 3 27 37 24
2043-04 1547 1979 950.0 10.0 1313 4 -3 15 -9 7 5 9 6
2045-16 1962 1979 950.0 10.0 966 18 24 11 6 2 13 17 7
1989 950.0 10.0 1000 71 42 7 3 1 13 15 6
1991 800.0 10.0 2400 85 36 5 5 3 8 18 10
2048-72 341 1979 950.0 6.0 6031 10 21 14 -9 3 26 37 21
1990 950.0 10.0 5840 48 24 13 -6 1 27 40 25
2152-31 1030 1979 950.0 10.0 3213 3 0 25 22 7 6 13 7
2321-61 2348 1979 950.0 10.0 1091 4 30 12 4 6 7 11 7
2327-20 1644 1979 950.0 10.0 2397 13 12 12 -11 1 5 9 5