B1557−50 261 325 16 128 ± 38 (1)
610 9 66 ± 13 (3)
1060 5 24.6 ± 1.4 (3)
B1641−45 480 610 10 630 ± 53 (3)
1060 4 323 ± 52 (2)
B1740−31 192 325 25 7.6 ± 0.6 (2)
610 12 10.6 ± 2.6 (3)
1060 12 3.0 ± 0.3 (4)
B1815−14 625 610 16 >7.6 (4)
1060 15 8.6 ± 0.2 (2)
B1820−14 648 610 20 8.8 ± 0.6 (2)
1060 13 1.2 ± 0.1 (2)
B1822−14 354 610 26 1.8 ± 0.3 (3)
1060 20 2.4 ± 0.5 (3)
B1823−13 231 1060 23 3.6 ± 0.8 (4)
B1830−08 411 610 12 18.5 ± 3.2 (2)
B1838−04 324 610 10 12.7 ± 0.5 (2)
1060 3 2.7 ± 0.8 (1)
B2303+46 62 325 21 5.3 ± 0.6 (2)
610 18 2.8 ± 1.3 (2)
1060 16 1.2 ± 0.4 (2)
B2319+60 95 325 15 84.2 ± 2.5 (2)
610 5 39 ± 12 (1)
1060 11 23.9 ± 0.3 (2)