Perioda DMb DMc
psrcat Gain d Te
sys S f
185 Sg
200 Sh
400 Fold time
PSR (ms) (cm−3 pc) (cm−3 pc) (K Jy−1) (K) S/Npeak (mJy) (mJy) (mJy) (s) Obs ID
J0034–0534 1.877 13.77 13.77 0.0135 201 15.26 401 ± 14 65 ± 11 17 2 496 1137236608
J0034–0721 943.045 11.12 10.92 0.0143 201 24.71 237 ± 5 292 ± 14 52 2 496 1137236608
J0418–4154 757.094 24.54 24.54 0.0133 149 11.36 40 ± 3 3 712 1127329112
J0437–4715 5.757 2.65 2.64 0.0225 165 45.14 507 ± 6 834 ± 9 550 2 496 1123367368
J0534+2200 33.7 56.78 56.79 0.0081 243 † † 550 1 024 1099414416
J0630–2834 1244.385 34.24 34.42 0.0201 213 52.95 271 ± 3 463 ± 5 206 4 416 1101491208
J0742–2822 166.764 73.75 73.78 0.0129 213 15.05 168 ± 8 296 3 136 1101491208
J0820–1350 1238.043 40.94 40.94 0.0074 232 9.34 167 ± 13 160 ± 7 102 1 024 1101925816
J0823+0159 864.865 23.73 23.73 0.0127 176 5.03 35 ± 5 30 2 688 1139324488
J0835–4510 89.39 67.97 67.99 0.0193 313 † † 7075 ± 207 5 000 1 216 1139239952
J0837+0610 1273.788 12.86 12.86 0.0163 176 159.12 654 ± 9 286 ± 13 89 2 688 1139324488
J0837–4135 751.619 147.45 147.29 0.0233 313 16.29 151 ± 4 95 ± 16 197 1 216 1139239952
J0855–3331 1267.621 86.64 86.64 0.0192 313 3.72 46 ± 7 47 ± 8 7.7 1 216 1139239952
J0922+0638 430.631 27.3 27.3 0.0064 176 13.88 270 ± 62 100 ± 13 52 1 344 1139324488
J0953+0755 253.09 2.96 2.97 0.0101 173 137.52 2123 ± 16 1072 ± 17 400 1 216 1115381072
J1022+1001 16.456 10.25 10.25 0.0094 173 5.91 42 ± 6 20 4 864 1115381072
J1112–6926 820.447 148.4 148.4 0.0112 244 4.11 37 ± 10 13 2 496 1140972392
J1116–4122 943.199 40.53 40.53 0.0115 211 18.24 139 ± 6 52 ± 7 26 1 984 1145367872
J1136+1551 1188.001 5.02 4.85 0.0029 173 50.47 1689 ± 29 684 ± 61 257 1 792 1115381072
J1141–6545 394.036 116.08 116.08 0.0102 244 5.6 78 ± 12 2 496 1140972392
J1430–6623 785.453 65.08 65.3 0.0132 374 8.89 214 ± 24 190 ± 28 130 576 1131415232
J1440–6344 459.612 124.2 124.2 0.0121 374 5.13 176 ± 34 21 576 1131415232
J1453–6413 179.49 71.03 71.07 0.0117 374 43.13 1244 ± 20 684 ± 23 230 576 1131415232
J1456–6843 263.382 8.62 8.6 0.0124 374 26.27 878 ± 28 738 ± 21 350 576 1131415232
J1507–4352 286.78 49.13 48.7 0.0111 778 13.27 384 ± 27 16 2 240 1121173352
J1534–5334 1368.968 24.82 24.82 0.0175 778 55.77 705 ± 22 70 4 864 1121173352
J1544–5308 178.565 35.16 35.16 0.0178 778 7.99 102 ± 15 23 4 864 1121173352
J1607–0032 421.829 10.6 10.68 0.0081 422 5.29 270 ± 59 137 ± 15 54 384 1117899328
J1645–0317 387.683 35.76 35.76 0.0085 832 27.36 2224 ± 107 774 ± 18 393 576 1116090392
J1709–1640 653.037 24.9 24.89 0.0171 832 15.97 271 ± 18 47 3 136 1116090392
J1731–4744 829.969 123.33 123.33 0.022 832 29.15 424 ± 8 325 ± 28 190 3 840 1091793216
J1751–4657 742.405 20.38 20.4 0.0205 832 29.96 411 ± 10 70 3 840 1091793216
J1752–2806 562.521 50.25 50.37 0.0199 1021 116.02 2441 ± 28 1504 ± 269 1 100 2 432 1107478712
J1820–0427 598.044 84.69 84.44 0.0061 832 7.47 1035 ± 120 499 ± 51 157 1 792 1116090392
J1823–3106 284.069 50.37 50.24 0.016 567 5.1 105 ± 15 36 2 944 1133329792
J1825–0935 768.973 19.38 19.38 0.0088 832 15.31 612 ± 40 36 2 112 1116090392
J1900–2600 612.241 37.99 37.99 0.0243 567 39.67 393 ± 11 299 ± 13 131 3 712 1133329792
J1902–5105 1.742 36.24 36.25 0.0086 429 5.85 362 ± 55 1 664 1116787952
J1913–0440 826.027 89.61 89.39 0.0101 302 8.14 169 ± 22 176 ± 26 118 768 1097404000
J1917+1353 194.627 94.54 94.54 0.0106 385 8.28 237 ± 30 43 1 280 1148063920
J1921+2153 1337.39 12.46 12.44 0.0096 408 117.33 2112 ± 49 57 2 496 1095506112
J1932+1059 226.536 3.14 3.18 0.0111 408 20.74 362 ± 15 501 ± 47 303 3 520 1095506112
J1935+1616 358.768 158.52 158.52 0.0115 408 6.82 106 ± 9 242 3 712 1095506112
J1943–1237 972.453 28.92 28.92 0.0136 265 7.16 68 ± 8 12.9 1 536 1152636328
J2018+2839 557.991 14.14 14.2 0.0077 331 11.71 561 ± 41 314 576 1131957328
J2022+2854 343.427 24.63 24.63 0.0076 331 7.22 323 ± 48 71 576 1131957328
J2046–0421 1547.1 36.23 35.8 0.0168 302 6.55 34 ± 7 20 3 456 1097404000
J2048–1616 1961.512 11.42 11.46 0.0199 265 17.4 77 ± 5 169 ± 8 116 4 736 1152636328
J2145–0750 16.05 9 9 0.0149 259 27.57 282 ± 20 100 4 544 1118168248
J2241–5236 2.187 11.41 11.41 0.019 205 16.17 108 ± 6 60 ± 11 5 056 1129464688