J0437−4715 5.757 2.65 5.74 64 406 502 149 36 32.3 3.2 0.1410 0.0005
J0613−0200 3.062 38.78 1.20 64 7.2 0.7 2.3 0.3 0.42 0.64 0.462 0.001
J0711−6830 5.491 18.41 – 64 6.6 4.5 3.2 5.7 0.52 0.26 1.092 0.005
J1022+1001 16.453 10.25 7.81 64 5.7 2.5 6.1 5.4 1.30 0.30 0.972 0.005
J1024−0719 5.162 6.49 – 64 5.4 4.4 1.5 1.1 0.37 0.13 0.521 0.010
J1045−4509 7.474 58.15 4.08 64 9.2 1.9 2.7 0.7 0.48 0.10 0.840 0.012
J1600−3053 3.598 52.19 14.34 64 3.4 0.4 2.5 0.4 0.77 0.17 0.094 0.001
J1603−7202 14.842 38.05 6.31 64 12.1 2.9 3.1 0.9 0.32 0.12 1.206 0.003
J1643−1224 4.622 62.41 147.02 64 15.1 0.6 4.8 0.4 1.10 0.12 0.314 0.002
J1713+0747 4.570 15.99 67.83 64 8.9 6.6 10.2 10.8 2.74 1.90 0.110 0.001
J1730−2304 8.123 9.61 – 64 11.2 3.6 3.9 1.9 1.97 2.35 0.965 0.004
J1732−5049 5.313 56.84 5.26 64 6.9 2.7 1.7 0.3 0.37 0.06 0.292 0.003
J1744−1134 4.075 3.14 – 64 7.8 4.4 3.1 2.6 0.71 0.51 0.137 0.001
J1824−2452A 3.054 119.86 – 64 10.6 1.0 2.0 0.4 0.33 0.05 0.972 0.003
J1857+0943 5.362 13.31 12.33 32 10.5 2.4 5.0 3.5 1.01 1.13 0.518 0.002
J1909−3744 2.947 10.39 1.53 64 6.1 7.0 2.1 1.7 0.77 0.51 0.0437 0.0002
J1939+2134 1.558 71.04 – 32 63 19 13.2 5.0 1.55 0.72 0.0382a 0.0001a
J2124−3358 4.931 4.62 – 32 12.3 11.8 3.6 1.7 0.44 0.09 0.524 0.006
J2129−5721 3.726 31.85 6.63 64 5.0 2.1 1.1 0.7 0.11 0.05 0.262 0.002
J2145−0750 16.052 9.00 6.84 64 16.4 8.9 8.9 12.5 1.38 0.51 0.337 0.002