A 242.34 191.2(3) 193(2) 2700 1700 −1.31(15) 310
C 237.06 176.97(6) 178.1(3) 1100 670 −1.4(2) 337
D 243.62 234(2) 257(7) 71 45 −1.28(14) 20
E 236.63 171.0(7) 171(4) 170 110 −1.16(13) 23
F 239.07 187.2(6) 190(2) 55 35 −1.218(95) 4.28
G 237.34 196.4(4) 195.79(98) 24 22 −0.26(11) 10.4
H 237.97 194(6) 205(8) 39 24 −1.33(9) 1.25
I 238.55 181.7(7) 183.1(1.5) 95 55 −1.53(11) 22.9
J 234.21 172.4(5) 170.5(1.4) 58 27 −2.11(9) 6.22
K 234.46 175.0(1.0) 175(4) 66 39 −1.47(7) 0.577
L 237.50 167(7) 182(7) 96 43 −2.26(7) 3.87
M 238.49 169(2) 179(4) 140 91 −1.14(11) 22.1
N 238.29 182.49(99) 181(2) 150 100 −1.02(11) 62.9
O 236.20 176.2(3) 174(2) 310 160 −1.9(2) 38.9
Q 234.24 175.4(8) 179(5) 56 36 −1.24(14) 4.64
R 237.38 179(4) 165.4(9.5) 35 17 −2.07(14) 3.11
S 236.22 L 174(10) 20 14 −1.09(13) 0.941
T 237.80 L L 26 15 −1.61(9) 0.66
U 235.47 L 238.6(9.5) 30 12 −2.491(97) 1.69
V 238.71 186.1(8) 187(3) 100 77 −0.86(7) 1.44
W 238.92 174.3(9) 183(7) 54 31 −1.53(14) 12.6
X 239.81 202(2) 201(4) 43 24 −1.63(7) 0.994
Y 238.79 194(3) 187(4) 37 29 −0.76(12) 3.07
Z 238.77 L 201.3(9.8) 30 23 −0.7(2) 2.1
aa 237.43 206(7) 158(22) 29 20 −1.00(14) 2.2
ab 238.40 171.2(1.1) 171(3) 45 23 −1.83(12) 0.754
ac 238.69 203(3) 204(7) 31 17 −1.67(15) 1.28
ae 238.61 184.3(1.1) 175(5) 56 50 −0.3(2) 7.88
af 237.35 184(3) 175(8) 33 22 −1.19(12) 1.71
ag 237.28 186(4) 193(6) 16 9.2 −1.6(2) 2.88
ah 237.70 184(4) 177(5) 14 7.1 −1.9(2) 0.547
ai 234.02 173.1(5) 174.0(1.1) 33 28 −0.4(2) 9.96