    1  J0006+1834     6.5    3.3
    2  B0011+47      35.0   18.0
    3  J0033+57       2.0       
    4  B0037+56      33.0   17.0
    5  B0045+33      13.0    6.0
    6  B0052+51       9.4    4.7
    7  B0053+47       7.5    3.8
    8  B0105+65      41.0   20.0
    9  B0105+68       8.9    4.5
   10  J0106+4855     1.6       
   11  B0114+58      79.0   39.0
   12  B0136+57     250.0  130.0
   13  J0137+1654     6.2    3.1
   14  J0152+0948     1.7    1.1
   15  B0153+39       8.5    4.3
   16  J0205+6449     2.2       
   17  J0212+5222    12.0    6.0
   18  B0226+70       5.3    2.7
   19  B0301+19      42.0   21.0
   20  B0320+39      92.0   46.0
   21  J0324+5239     5.9    3.0
   22  J0329+1654     2.3    1.3
   23  B0331+45      34.0   17.0
   24  B0402+61      29.0   15.0
   25  B0410+69      28.0   14.0
   26  J0413+58       1.9       
   27  J0417+35       9.0    4.5
   28  J0419+44       1.9       
   29  J0435+27       7.0    3.5
   30  B0450+55      91.0   46.0
   31  B0458+46      17.0    8.0
   32  B0523+11      34.0   17.0
   33  B0525+21     230.0  120.0
   34  B0531+21    7500.0 3800.0
   35  B0540+23      36.0   18.0
   36  B0609+37      21.0   10.0
   37  J0611+30      45.0   23.0
   38  B0626+24      73.0   36.0
   39  B0643+80      19.0    9.0
   40  J0646+0905     3.1       
   41  J0647+0913     3.3       
   42  B0655+64      51.0   25.0
   43  B0656+14      11.0    5.0
   44  J0711+0931     3.1    1.8
   45  B0751+32      17.0    9.0
   46  B0809+74     300.0  150.0
   47  J0815+0939     6.8    3.5
   48  B0823+26     520.0  260.0
   49  B0841+80       5.9    3.0
   50  B0917+63      22.0   11.0
   51  B0940+16      26.0   13.0
   52  B0943+10     440.0  220.0
   53  J0943+22       6.3    3.2
   54  J0947+27      10.0    5.0
   55  B1112+50      50.0   25.0
   56  B1133+16     940.0  470.0
   57  B1237+25     170.0   90.0
   58  J1238+21      27.0   13.0
   59  J1246+22       4.2    2.1
   60  J1313+0931    48.0   24.0
   61  B1322+83      28.0   14.0
   62  J1503+2111     4.6    2.4
   63  B1508+55     770.0  390.0
   64  B1530+27      33.0   17.0
   65  B1541+09     770.0  380.0
   66  J1549+2113     7.2    3.7
   67  J1612+2008     7.0    3.6
   68  J1627+1419    78.0   39.0
   69  B1633+24      79.0   40.0
   70  J1645+1012    69.0   35.0
   71  J1649+2533    12.0    6.0
   72  J1652+2651    20.0   10.0
   73  J1720+2150     4.5    2.3
   74  B1737+13      81.0   40.0
   75  J1740+1000     9.4    4.8
   76  J1741+2758    30.0   15.0
   77  J1746+2245     4.5    2.3
   78  J1746+2540     3.7    2.0
   79  J1752+2359     5.3    2.8
   80  B1753+52       2.4    1.3
   81  J1758+3030    56.0   28.0
   82  J1806+1023     3.2       
   83  B1811+40      50.0   25.0
   84  J1813+1822     2.5       
   85  J1814+1130     3.3       
   86  J1819+1305    13.0    7.0
   87  J1821+1715    11.0    5.0
   88  J1822+1120     3.1       
   89  J1828+1359     3.2       
   90  J1834+10       5.2    2.9
   91  J1837+1221     3.6       
   92  J1838+1650    26.0   13.0
   93  B1839+09     130.0   70.0
   94  B1839+56      76.0   38.0
   95  J1842+1332     3.4       
   96  B1842+14     110.0   50.0
   97  J1843+2024     2.0       
   98  J1848+0826     6.5    4.2
   99  B1848+12      37.0   19.0
  100  B1848+13       5.7    3.1
  101  J1849+2423     8.1    4.1
  102  B1852+10       5.4       
  103  J1853+0853     4.3       
  104  J1859+1526     6.7    3.7
  105  J1900+30       5.9    3.0
  106  J1901+1306     6.5    3.5
  107  J1903+2225     2.8       
  108  B1905+39      46.0   23.0
  109  J1906+1854    18.0    9.0
  110  J1908+2351     2.3    1.5
  111  J1909+1859     6.0    3.1
  112  B1910+20       3.5    1.9
  113  J1911+1758     8.0    4.2
  114  J1912+2525    18.0    9.0
  115  J1913+3732     7.1    3.6
  116  B1915+22      12.0    6.0
  117  B1918+26      21.0   10.0
  118  B1919+21    1300.0  700.0
  119  J1927+0911     5.2       
  120  B1929+10     540.0  270.0
  121  B1930+13       4.9    3.0
  122  J1937+2950    12.0    6.0
  123  J1941+1026     3.2       
  124  J1941+1341     3.6       
  125  B1942+17       2.5       
  126  B1944+17      41.0   20.0
  127  B1946+35     170.0   90.0
  128  J1947+0915     3.8       
  129  B1949+14       6.4    3.3
  130  J1951+1123     8.2    4.1
  131  J1953+1149     2.9       
  132  B1953+50      48.0   24.0
  133  J1956+0838     9.2    4.8
  134  J1959+3620     3.5       
  135  B2000+40      29.0   15.0
  136  J2002+1637     1.8    1.2
  137  J2007+0809    32.0   16.0
  138  J2007+0910    26.0   13.0
  139  J2008+2513     3.8    2.1
  140  J2015+2524     2.0       
  141  B2016+28     810.0  410.0
  142  J2017+2043    14.0    7.0
  143  B2020+28     150.0   70.0
  144  B2021+51      59.0   30.0
  145  B2022+50      36.0   18.0
  146  J2024+48       2.7       
  147  B2025+21       1.8    1.2
  148  J2027+4557     3.1       
  149  B2028+22       7.4    3.8
  150  J2030+55       2.1       
  151  B2034+19      20.0   10.0
  152  J2036+2835     9.6    4.8
  153  B2036+53       7.7    3.9
  154  J2040+1657     9.4    4.8
  155  J2043+2740   140.0   70.0
  156  B2044+15      33.0   16.0
  157  J2045+0912     9.6    4.9
  158  B2045+56      25.0   13.0
  159  J2047+5029     2.9       
  160  J2048+2255     3.3    1.8
  161  B2053+21      29.0   15.0
  162  B2053+36      29.0   15.0
  163  J2102+38       2.3       
  164  B2110+27     100.0   50.0
  165  J2111+2106     3.1    1.6
  166  J2111+40       1.1       
  167  B2113+14       9.4    4.7
  168  B2122+13       4.0    2.1
  169  J2139+2242    46.0   23.0
  170  B2148+63      64.0   32.0
  171  J2151+2315     2.1       
  172  B2154+40     190.0  100.0
  173  J2155+2813     9.6    4.8
  174  J2156+2618     2.9    1.6
  175  J2203+50       1.9       
  176  J2205+1444     4.6    2.4
  177  J2206+6151     2.4       
  178  B2210+29      17.0    9.0
  179  J2215+1538     6.8    3.5
  180  B2217+47     820.0  410.0
  181  J2222+2923     4.3    2.2
  182  B2224+65     160.0   80.0
  183  B2227+61      90.0   45.0
  184  J2234+2114    13.0    7.0
  185  B2241+69      26.0   13.0
  186  J2243+1518     2.5    1.4
  187  J2253+1516     6.0    3.0
  188  B2303+30      70.0   35.0
  189  B2303+46      16.0    8.0
  190  B2306+55      99.0   50.0
  191  J2307+2225     0.9    0.7
  192  B2310+42     130.0   70.0
  193  B2315+21      73.0   37.0
  194  J2319+6411     2.3       