B0031–07 35.1 60 0.074 0.242 196.29 14.88 3490(1740) 0.5(2)
B0031–07 49.8 60 0.137 0.246 318.75 11.91 6370(3190) K
B0031–07 64.5 60 0.160 0.223 331.25 11.91 7260(3630) K
B0031–07 79.2 60 0.121 0.188 271.99 11.91 5070(2540) K
B0138+59 58.6 60 0.027 0.051 73.65 8.89 460(230) K
B0138+59 78.2 60 0.020 0.043 80.22 8.89 420(210) K
B0149–16 35.1 60 0.027 0.047 59.76 18.85 800(400) −1.6(1)
B0149–16 49.8 60 0.012 0.043 82.86 15.09 570(290) K
B0149–16 64.5 60 0.012 0.027 69.72 15.09 480(240) K
B0149–16 79.2 60 0.004 0.031 49.54 15.09 200(100) K
B0301+19 64.5 120 0.023 0.039 35.85 7.47 120(60) K
B0301+19 79.2 120 0.020 0.043 42.64 7.47 130(70) K
B0320+39 39.0 60 0.020 0.062 43.51 8.37 220(110) K
B0320+39 58.6 60 0.020 0.035 58.28 6.70 230(120) K
B0329+54 35.1 29 0.070 0.191 186.06 10.94 3370(1680) 0.00(9)
B0329+54 45.0 60 0.066 0.195 422.49 8.15 3870(1940) K
B0329+54 49.8 29 0.035 0.129 414.30 8.75 4160(2080) K
B0329+54 55.0 60 0.031 0.102 541.62 8.15 3340(1670) K
B0329+54 65.0 60 0.023 0.078 574.76 8.15 3060(1530) K
B0329+54 74.0 13 0.016 0.051 354.11 10.16 4070(2030) K
B0355+54 79.2 60 0.059 0.113 52.91 8.10 450(230) K
B0450+55 39.0 60 0.059 0.113 64.03 10.34 700(350) −1.3(2)
B0450+55 58.6 59 0.023 0.117 126.84 8.28 690(350) K
B0450+55 78.2 59 0.020 0.043 56.94 8.28 280(140) K
B0525+21 39.0 60 0.055 0.105 106.63 9.04 980(490) −0.8(1)
B0525+21 58.6 60 0.027 0.059 109.17 7.24 560(280) K
B0525+21 78.2 60 0.023 0.039 123.62 7.24 580(290) K
B0628–28 35.1 60 0.082 0.152 125.32 28.71 4540(2270) 0.40(3)
B0628–28 49.8 60 0.074 0.137 193.16 22.97 5300(2650) K
B0628–28 64.5 60 0.059 0.113 223.86 22.97 5410(2710) K
B0628–28 79.2 60 0.059 0.113 271.47 22.97 6560(3280) K
B0655+64 49.8 49 0.043 0.082 67.75 9.52 640(320) −0.7(1)
B0655+64 64.5 49 0.039 0.055 70.96 9.52 640(320) K
B0655+64 79.2 49 0.035 0.059 53.58 9.52 460(230) K
B0818–13 58.6 60 0.020 0.043 44.50 14.04 370(190) K
B0818–13 78.2 60 0.020 0.035 71.46 14.04 600(300) K
B0823+26 64.5 119 0.020 0.043 111.52 6.84 450(230) K
B0823+26 79.2 119 0.020 0.035 17.16 6.84 70(30) K
B0834+06 35.1 60 0.027 0.051 345.45 11.44 2790(1400) 0.5(1)
B0834+06 49.8 60 0.027 0.047 723.39 9.16 4680(2340) K
B0834+06 64.5 60 0.023 0.039 800.31 9.16 4790(2390) K
B0834+06 79.2 60 0.023 0.031 667.24 9.16 3990(2000) K
B0906–17 49.8 60 0.051 0.090 47.71 15.61 730(360) −1.65(1)
B0906–17 64.5 60 0.027 0.051 42.61 15.61 470(240) K
B0906–17 79.2 60 0.027 0.051 30.45 15.61 340(170) K
B1112+50 35.1 60 0.020 0.027 27.34 7.66 120(60) 0.7(2)
B1112+50 49.8 60 0.016 0.051 76.58 7.66 310(160) K
B1112+50 64.5 60 0.020 0.035 55.09 7.66 250(130) K
B1112+50 79.2 60 0.020 0.035 44.34 7.66 200(100) K
B1133+16 35.1 60 0.023 0.066 600.98 9.84 3850(1930) 0.30(5)
B1133+16 45.0 100 0.020 0.059 1024.48 8.55 4040(2020) K
B1133+16 49.8 60 0.020 0.059 1008.95 7.88 4710(2360) K
B1133+16 64.5 60 0.020 0.051 1096.32 7.88 5120(2560) K
B1133+16 79.2 60 0.020 0.047 1012.97 7.88 4730(2370) K
B1237+25 35.1 60 0.012 0.043 69.96 8.73 280(140) 0.0(2)
B1237+25 49.8 60 0.012 0.047 158.29 6.98 510(250) K
B1237+25 64.5 60 0.012 0.039 160.37 6.98 510(260) K
B1237+25 79.2 60 0.004 0.039 141.41 6.98 260(130) K
B1508+55 58.6 14 0.016 0.047 236.95 8.24 2130(1060) K
B1508+55 78.2 14 0.016 0.039 285.24 8.24 2560(1280) K
B1540–06 49.8 60 0.020 0.035 38.91 11.67 270(140) −1.7(4)
B1540–06 64.5 60 0.020 0.035 46.68 11.67 320(160) K
B1540–06 79.2 60 0.020 0.035 17.18 11.67 120(60) K
B1541+09 64.5 60 0.098 0.184 167.85 8.67 2020(1010) K
B1541+09 79.2 60 0.074 0.129 66.21 8.67 690(340) K
B1604–00 35.1 60 0.035 0.055 153.93 12.66 1570(780) −1.5(1)
B1604–00 49.8 60 0.023 0.047 181.30 10.13 1200(600) K
B1604–00 64.5 60 0.023 0.043 149.07 10.13 990(490) K
B1604–00 79.2 60 0.020 0.039 75.03 10.13 450(230) K
B1612+07 35.1 60 0.020 0.027 30.53 11.16 200(100) −0.72(6)
B1612+07 49.8 60 0.012 0.020 43.17 8.93 180(90) K
B1612+07 64.5 60 0.004 0.023 64.70 8.93 150(80) K
B1612+07 79.2 60 0.004 0.012 44.82 8.93 110(50) K
B1642–03 49.8 60 0.043 0.074 78.63 10.93 770(380) 0.2(1)
B1642–03 64.5 60 0.027 0.051 120.04 10.93 930(460) K
B1642–03 79.2 60 0.020 0.035 126.84 10.93 830(410) K
B1706–16 49.8 60 0.035 0.059 73.83 15.15 900(450) −0.65(5)
B1706–16 64.5 60 0.020 0.043 79.31 15.15 710(360) K
B1706–16 79.2 60 0.020 0.035 74.02 15.15 670(330) K
B1749–28 78.2 60 0.082 0.152 117.02 22.57 3330(1660) K
B1822–09 35.1 60 0.160 0.293 106.51 15.70 3080(1540) −0.77(2)
B1822–09 49.8 60 0.047 0.141 189.29 12.56 2220(1110) K
B1822–09 64.5 60 0.027 0.070 209.32 12.56 1860(930) K
B1822–09 79.2 60 0.023 0.059 200.24 12.56 1640(820) K
B1839+56 35.1 60 0.020 0.047 136.16 10.50 850(430) −1.7(2)
B1839+56 49.8 60 0.012 0.027 176.24 8.40 680(340) K
B1839+56 64.5 60 0.012 0.012 135.70 8.40 520(260) K
B1839+56 79.2 60 0.004 0.012 94.31 8.40 210(100) K
B1842+14 49.8 60 0.129 0.230 159.79 7.97 2070(1030) −2.8(3)
B1842+14 64.5 60 0.047 0.117 178.22 7.97 1330(660) K
B1842+14 79.2 60 0.035 0.059 127.88 7.97 820(410) K
B1919+21 35.1 358 0.020 0.055 738.05 9.05 1620(810) 0.17(2)
B1919+21 49.8 358 0.020 0.043 922.67 7.24 1630(810) K
B1919+21 64.5 358 0.020 0.035 979.29 7.24 1730(860) K
B1919+21 79.2 358 0.020 0.031 1055.24 7.24 1860(930) K
B2016+28 49.8 60 0.023 0.078 135.41 6.66 590(290) −0.18(9)
B2016+28 64.5 60 0.020 0.035 127.30 6.66 500(250) K
B2016+28 79.2 60 0.012 0.039 178.14 6.66 550(270) K
B2020+28 58.6 60 0.020 0.035 28.37 6.65 110(60) K
B2020+28 78.2 60 0.012 0.020 19.26 6.65 60(30) K
B2110+27 35.1 60 0.035 0.059 60.18 8.44 410(200) −0.5(1)
B2110+27 49.8 60 0.020 0.043 111.89 6.75 450(220) K
B2110+27 64.5 60 0.020 0.027 99.09 6.75 400(200) K
B2110+27 79.2 60 0.012 0.027 86.06 6.75 270(130) K
B2217+47 35.1 60 0.250 0.492 470.76 9.79 11220(5610) −1.8(2)
B2217+47 49.8 60 0.121 0.316 823.71 7.83 10100(5050) K
B2217+47 64.5 60 0.051 0.156 732.30 7.83 5600(2800) K
B2217+47 79.2 60 0.023 0.082 492.77 7.83 2520(1260) K
B2303+30 49.8 120 0.043 0.074 42.24 6.65 180(90) −3.3(6)
B2303+30 64.5 120 0.020 0.035 19.24 6.65 50(30) K
B2303+30 79.2 120 0.020 0.035 18.44 6.65 50(30) K
B2327–20 35.1 60 0.020 0.035 25.98 20.93 320(160) −0.5(1)
B2327–20 49.8 60 0.004 0.004 69.63 16.75 310(150) K
B2327–20 64.5 60 0.004 0.016 46.02 16.75 200(100) K
B2327–20 79.2 60 0.016 0.020 27.87 16.75 250(120) K